{
    "name":"boxes",
    "materials":{
        "green":{
            "ka":[0.05, 0.05, 0.05],
            "kd":[0.0, 1.0, 0.0],
            "ks":[0.8, 0.0, 0.0]
        },
        "red":{
            "kd":[1.0, 0.0, 0.0]
        }
    },

    "lights":[
        {
            "pos":[100, 500, 0],
            "color":[1, 1, 1]
        },
        {
            "pos":[110, 2, -3],
            "color":[1, 1, 1]
        }
    ],
    
    "cameras":[
        {
            "pos": [0.00, 19.04, 26.42],
            "rot": [0.44, 0.00, 0.00, 0.90],
            "fovy": 1.0
        },
        {
            "pos": [0.00, 1.50, -5.00],
            "rot": [0.00, 1.00, 0.00, 0.00],
            "fovy": 1.0
        }
    ],
"children": [ { "transform": [ 1, 0, 0, 0, 0, 0, 1, 0, 0, -1, 0, 0, 0, 0, 0, 1 ], "shapes": [ { "type": "scene", "filename": "scenes/lyonsart1.json" } ] }, { "transform": [ 1, 0, 0, 10, 0, 1, 0, 0, 0, 0, 1, 0, 0, 0, 0, 1 ], "children": [ { "transform": [ 1, 0, 0, 0, 0, 0, 1, 0, 0, -1, 0, 0, 0, 0, 0, 1 ], "shapes": [ { "type": "scene", "filename": "scenes/lyonsart1.json" } ] } ] }, { "transform": [ 0.9510565162951535, 0, -0.3090169943749474, 9.510565162951535, 0, 1, 0, 0, 0.3090169943749474, 0, 0.9510565162951535, 3.090169943749474, 0, 0, 0, 1 ], "children": [ { "transform": [ 1, 0, 0, 0, 0, 0, 1, 0, 0, -1, 0, 0, 0, 0, 0, 1 ], "shapes": [ { "type": "scene", "filename": "scenes/lyonsart1.json" } ] } ] }, { "transform": [ 0.8090169943749475, 0, -0.5877852522924731, 8.090169943749475, 0, 1, 0, 0, 0.5877852522924731, 0, 0.8090169943749475, 5.877852522924732, 0, 0, 0, 1 ], "children": [ { "transform": [ 1, 0, 0, 0, 0, 0, 1, 0, 0, -1, 0, 0, 0, 0, 0, 1 ], "shapes": [ { "type": "scene", "filename": "scenes/lyonsart1.json" } ] } ] }, { "transform": [ 0.5877852522924731, 0, -0.8090169943749475, 5.877852522924732, 0, 1, 0, 0, 0.8090169943749475, 0, 0.5877852522924731, 8.090169943749475, 0, 0, 0, 1 ], "children": [ { "transform": [ 1, 0, 0, 0, 0, 0, 1, 0, 0, -1, 0, 0, 0, 0, 0, 1 ], "shapes": [ { "type": "scene", "filename": "scenes/lyonsart1.json" } ] } ] }, { "transform": [ 0.30901699437494745, 0, -0.9510565162951535, 3.0901699437494745, 0, 1, 0, 0, 0.9510565162951535, 0, 0.30901699437494745, 9.510565162951535, 0, 0, 0, 1 ], "children": [ { "transform": [ 1, 0, 0, 0, 0, 0, 1, 0, 0, -1, 0, 0, 0, 0, 0, 1 ], "shapes": [ { "type": "scene", "filename": "scenes/lyonsart1.json" } ] } ] }, { "transform": [ 6.123233995736766e-17, 0, -1, 6.123233995736766e-16, 0, 1, 0, 0, 1, 0, 6.123233995736766e-17, 10, 0, 0, 0, 1 ], "children": [ { "transform": [ 1, 0, 0, 0, 0, 0, 1, 0, 0, -1, 0, 0, 0, 0, 0, 1 ], "shapes": [ { "type": "scene", "filename": "scenes/lyonsart1.json" } ] } ] }, { "transform": [ -0.30901699437494734, 0, -0.9510565162951536, -3.0901699437494736, 0, 1, 0, 0, 0.9510565162951536, 0, -0.30901699437494734, 9.510565162951536, 0, 0, 0, 1 ], "children": [ { "transform": [ 1, 0, 0, 0, 0, 0, 1, 0, 0, -1, 0, 0, 0, 0, 0, 1 ], "shapes": [ { "type": "scene", "filename": "scenes/lyonsart1.json" } ] } ] }, { "transform": [ -0.587785252292473, 0, -0.8090169943749475, -5.87785252292473, 0, 1, 0, 0, 0.8090169943749475, 0, -0.587785252292473, 8.090169943749475, 0, 0, 0, 1 ], "children": [ { "transform": [ 1, 0, 0, 0, 0, 0, 1, 0, 0, -1, 0, 0, 0, 0, 0, 1 ], "shapes": [ { "type": "scene", "filename": "scenes/lyonsart1.json" } ] } ] }, { "transform": [ -0.8090169943749473, 0, -0.5877852522924732, -8.090169943749473, 0, 1, 0, 0, 0.5877852522924732, 0, -0.8090169943749473, 5.877852522924733, 0, 0, 0, 1 ], "children": [ { "transform": [ 1, 0, 0, 0, 0, 0, 1, 0, 0, -1, 0, 0, 0, 0, 0, 1 ], "shapes": [ { "type": "scene", "filename": "scenes/lyonsart1.json" } ] } ] }, { "transform": [ -0.9510565162951535, 0, -0.3090169943749475, -9.510565162951535, 0, 1, 0, 0, 0.3090169943749475, 0, -0.9510565162951535, 3.090169943749475, 0, 0, 0, 1 ], "children": [ { "transform": [ 1, 0, 0, 0, 0, 0, 1, 0, 0, -1, 0, 0, 0, 0, 0, 1 ], "shapes": [ { "type": "scene", "filename": "scenes/lyonsart1.json" } ] } ] }, { "transform": [ -1, 0, -1.2246467991473532e-16, -10, 0, 1, 0, 0, 1.2246467991473532e-16, 0, -1, 1.2246467991473533e-15, 0, 0, 0, 1 ], "children": [ { "transform": [ 1, 0, 0, 0, 0, 0, 1, 0, 0, -1, 0, 0, 0, 0, 0, 1 ], "shapes": [ { "type": "scene", "filename": "scenes/lyonsart1.json" } ] } ] }, { "transform": [ -0.9510565162951538, 0, 0.3090169943749469, -9.510565162951538, 0, 1, 0, 0, -0.3090169943749469, 0, -0.9510565162951538, -3.090169943749469, 0, 0, 0, 1 ], "children": [ { "transform": [ 1, 0, 0, 0, 0, 0, 1, 0, 0, -1, 0, 0, 0, 0, 0, 1 ], "shapes": [ { "type": "scene", "filename": "scenes/lyonsart1.json" } ] } ] }, { "transform": [ -0.8090169943749475, 0, 0.587785252292473, -8.090169943749475, 0, 1, 0, 0, -0.587785252292473, 0, -0.8090169943749475, -5.87785252292473, 0, 0, 0, 1 ], "children": [ { "transform": [ 1, 0, 0, 0, 0, 0, 1, 0, 0, -1, 0, 0, 0, 0, 0, 1 ], "shapes": [ { "type": "scene", "filename": "scenes/lyonsart1.json" } ] } ] }, { "transform": [ -0.5877852522924732, 0, 0.8090169943749473, -5.877852522924733, 0, 1, 0, 0, -0.8090169943749473, 0, -0.5877852522924732, -8.090169943749473, 0, 0, 0, 1 ], "children": [ { "transform": [ 1, 0, 0, 0, 0, 0, 1, 0, 0, -1, 0, 0, 0, 0, 0, 1 ], "shapes": [ { "type": "scene", "filename": "scenes/lyonsart1.json" } ] } ] }, { "transform": [ -0.30901699437494756, 0, 0.9510565162951535, -3.0901699437494754, 0, 1, 0, 0, -0.9510565162951535, 0, -0.30901699437494756, -9.510565162951535, 0, 0, 0, 1 ], "children": [ { "transform": [ 1, 0, 0, 0, 0, 0, 1, 0, 0, -1, 0, 0, 0, 0, 0, 1 ], "shapes": [ { "type": "scene", "filename": "scenes/lyonsart1.json" } ] } ] }, { "transform": [ -1.8369701987210297e-16, 0, 1, -1.8369701987210296e-15, 0, 1, 0, 0, -1, 0, -1.8369701987210297e-16, -10, 0, 0, 0, 1 ], "children": [ { "transform": [ 1, 0, 0, 0, 0, 0, 1, 0, 0, -1, 0, 0, 0, 0, 0, 1 ], "shapes": [ { "type": "scene", "filename": "scenes/lyonsart1.json" } ] } ] }, { "transform": [ 0.30901699437494723, 0, 0.9510565162951536, 3.0901699437494723, 0, 1, 0, 0, -0.9510565162951536, 0, 0.30901699437494723, -9.510565162951536, 0, 0, 0, 1 ], "children": [ { "transform": [ 1, 0, 0, 0, 0, 0, 1, 0, 0, -1, 0, 0, 0, 0, 0, 1 ], "shapes": [ { "type": "scene", "filename": "scenes/lyonsart1.json" } ] } ] }, { "transform": [ 0.5877852522924729, 0, 0.8090169943749476, 5.877852522924729, 0, 1, 0, 0, -0.8090169943749476, 0, 0.5877852522924729, -8.090169943749476, 0, 0, 0, 1 ], "children": [ { "transform": [ 1, 0, 0, 0, 0, 0, 1, 0, 0, -1, 0, 0, 0, 0, 0, 1 ], "shapes": [ { "type": "scene", "filename": "scenes/lyonsart1.json" } ] } ] }, { "transform": [ 0.8090169943749473, 0, 0.5877852522924734, 8.090169943749473, 0, 1, 0, 0, -0.5877852522924734, 0, 0.8090169943749473, -5.877852522924734, 0, 0, 0, 1 ], "children": [ { "transform": [ 1, 0, 0, 0, 0, 0, 1, 0, 0, -1, 0, 0, 0, 0, 0, 1 ], "shapes": [ { "type": "scene", "filename": "scenes/lyonsart1.json" } ] } ] }, { "transform": [ 0.9510565162951535, 0, 0.3090169943749476, 9.510565162951535, 0, 1, 0, 0, -0.3090169943749476, 0, 0.9510565162951535, -3.0901699437494763, 0, 0, 0, 1 ], "children": [ { "transform": [ 1, 0, 0, 0, 0, 0, 1, 0, 0, -1, 0, 0, 0, 0, 0, 1 ], "shapes": [ { "type": "scene", "filename": "scenes/lyonsart1.json" } ] } ] } ] }