{
    "name":"Tralie",
    "materials":{
        "green":{
            "ka":[0.05, 0.05, 0.05],
            "kd":[0.0, 1.0, 0.0],
            "ks":[0.8, 0.0, 0.0]
        },
        "red":{
            "kd":[0.1, 0.0, 0.0]
        },
        "gray":{
            "kd":[0.3, 0.3, 0.3]
        }
    },

    "children":[
        {
            "transform":[1,0,0,-0.75,
                        0,1,0,1.5,
                        0,0,1,-3.25,
                        0,0,0,1],
            "children":[
                {
                    "transform":[1,0,0,0,
                                0,0.9912028118634736,0.13235175009777303,0,
                                0,-0.13235175009777303,0.9912028118634736,0,
                                0,0,0,1],
                    "children":[
                        {
                            "transform":[-1,0,0,0,
                                        0,1,0,0,
                                        0,0,-1,0,
                                        0,0,0,1],
                            "children":[
                                {
                                    "transform":[0.01,0,0,0,
                                                0,0.01,0,0,
                                                0,0,0.01,0,
                                                0,0,0,1],
                                    "shapes":[
                                        {
                                            "type":"mesh",
                                            "filename": "../meshes/proftralie.off",
                                            "material": "gray"
                                        }
                                    ]
                                }
                            ]
                        }
                    ]
                }
            ]
        },

        {
            "transform":[1,0,0,0,
                        0,0.9912028118634736,0.13235175009777303,0,
                        0,-0.13235175009777303,0.9912028118634736,0,
                        0,0,0,1],
            "children":[
                {
                    "transform":[1,0,0,0,
                                0,1,0,0.5,
                                0,0,1,7.3,
                                0,0,0,1],
                    "shapes":[
                        {
                            "type":"cylinder",
                            "radius": 1.25,
                            "height": 2
                        }
                    ]
                }
            ]
        },

        {
            "transform":[1,0,0,1,
                        0,1,0,2,
                        0,0,1,6,
                        0,0,0,1],
            "children":[
                {
                    "transform":[1,0,0,0,
                                0,0,-1,0,
                                0,1,0,0,
                                0,0,0,1],
                    
                    "shapes":[
                        {
                            "type":"cylinder",
                            "radius": 0.25,
                            "height": 2
                        }
                    ]
                }
            ]
        },

        {
            "transform":[1,0,0,-1,
                        0,1,0,1.5,
                        0,0,1,8,
                        0,0,0,1],
            "children":[
                {
                    "transform":[1,0,0,0,
                                0,0.707,0.707,0,
                                0,-0.707,0.707,0,
                                0,0,0,1],
                    
                    "shapes":[
                        {
                            "type":"cylinder",
                            "radius": 0.25,
                            "height": 2
                        }
                    ]
                }
            ]
        },

        {
            "transform":[1,0,0,-0.5,
                        0,1,0,0,
                        0,0,1,8,
                        0,0,0,1],
            "children":[
                {
                    "transform":[1,0,0,0,
                        0,0.707,0.707,0,
                        0,-0.707,0.707,0,
                        0,0,0,1],
                    
                    "shapes":[
                        {
                            "type":"cylinder",
                            "radius": 0.25,
                            "height": 2
                        }
                    ]
                }
            ]
        },

        {
            "transform":[1,0,0,0.5,
                        0,1,0,0,
                        0,0,1,6,
                        0,0,0,1],
            "children":[
                {
                    "transform":[1,0,0,0,
                        0,0.707,-0.707,0,
                        0,0.707,0.707,0,
                        0,0,0,1],
                    
                    "shapes":[
                        {
                            "type":"cylinder",
                            "radius": 0.25,
                            "height": 2
                        }
                    ]
                }
            ]
        }
    ]
}